Market=0.008671134220188406
market=0.008671134220188406
07=0.008294128384528041
block=0.007094800330083204
questions=0.007094800330083204
Amerex=0.0066096012830969214
Confirms=0.0066096012830969214
Delivery=0.0066096012830969214
7/25/00=0.0066096012830969214
Confirmation=0.0066096012830969214
Points=0.0066096012830969214
C"=0.0066096012830969214
To:=0.0066096012830969214
Stack/HOU/ECT=0.0066096012830969214
fax=0.0066096012830969214
Badeer=0.0066096012830969214
(503)=0.0066096012830969214
CAISO=0.0066096012830969214
Confirmations=0.0066096012830969214
"WSPP=0.0066096012830969214
cc:=0.0066096012830969214
PM		=0.0066096012830969214
trades=0.006568392343183908
reason=0.006568392343183908
change=0.006568392343183908
