conversation=0.03524195122592905
Set=0.03524195122592905
Subject:=0.03524195122592905
Forwarded=0.03524195122592905
0F=0.02563639682490485
physical=0.02545252032983764
50%=0.02545252032983764
forwards=0.022353304339362504
Yoder=0.022353304339362504
calpx:Q-00=0.022353304339362504
adher=0.022353304339362504
50=0.022353304339362504
MWLTWMGM=0.022353304339362504
MWLTNW=0.022353304339362504
-=0.022353304339362504
NP-15LTNW=0.022353304339362504
MWLTSW=0.022353304339362504
SP-15LTCA=0.022353304339362504
25MWIf=0.022353304339362504
(250)=0.022353304339362504
Aug-00=0.022353304339362504
refer=0.022353304339362504
Total=0.022353304339362504
Positions=0.022353304339362504
MWSTCA=0.022353304339362504
