flows=0.051949005886221956
flow=0.051949005886221956
Flow=0.051949005886221956
manual=0.051949005886221956
kwh=0.05193800961640705
$0=0.05193800961640705
market-based=0.05193800961640705
list=0.051739812009811384
traders=0.051739812009811384
Kitchen/LON/ECT=0.051713744785368075
Kitchen/lon/ect=0.051713744785368075
to>=0.05166608286448869
Version=0.05154548253690317
Revised=0.05154548253690317
Customer=0.05138461497524056
speed=0.05113961609486112
transact=0.05113961609486112
Richard=0.05109326706140001
committed=0.05109326706140001
Seyfried=0.05109326706140001
Don=0.05090504065967528
Kitchen/HOU/ECT=0.05090504065967528
weeks=0.050872090323631096
plan=0.050805493576988915
roll-out=0.050294934763565634
