Jeff=0.23709230335928158
application=0.23558483735556565
PMTo:	Kitchen=0.2337705264879988
version=0.22961169493711414
AGREED=0.22669120316961716
left=0.21890414624107926
start=0.21890414624107926
transactions=0.21845698404142586
PETITION=0.2179962218219215
petition=0.2179962218219215
Macromedia=0.21733461141267477
IPE=0.21733461141267477
macromedia=0.21733461141267477
NDA=0.21146070299611602
copy=0.21079110943176457
Bryan=0.20932591754491328
/=0.20775469038537328
Ski-ing=0.20589594765411293
ski-ing=0.20589594765411293
LOI=0.20589594765411293
2=0.2036201626387011
mobile=0.20117973905426254
Mobile=0.20117973905426254
project=0.20066213405432265
(once=0.2002247906951344
